2.187670880959781350e+00
4.962667412724665716e+00
8.514658410992433701e+00
8.158529149721454488e+00
1.649947625108768534e+01
1.064096378016438216e+01
1.734626276560154068e+01
2.307674986643955872e+00
5.755114621061747648e+00
7.357015876052251713e+00
8.037737370146460947e+00
-1.575036132862323335e+01
-1.094249183765103695e+01
1.631947323506973646e+01
2.373019144891503007e+00
5.403989543322489375e+00
8.568376118878083147e+00
8.399829192550463119e+00
1.690316661144041532e+01
1.120586032903046814e+01
-1.741981197876739529e+01
2.188956115251843304e+00
4.605506842891461616e+00
7.543062455919175235e+00
8.009976639012565514e+00
1.578894160234960253e+01
1.039764494222438174e+01
1.676191854150487259e+01
2.406631207456498611e+00
5.788726575471643265e+00
7.743960035092755767e+00
8.341128239555988699e+00
-1.643573989074011266e+01
-1.124776269575497167e+01
-1.671927992264718554e+01
2.330741473536307673e+00
5.239324271845260839e+00
8.006340340831743063e+00
8.127905032156322207e+00
1.621854226170678359e+01
1.092804828165546738e+01
-1.668938778838743531e+01
2.222581523167334261e+00
4.766125675842823206e+00
7.612941775197305638e+00
8.205388433057057895e+00
1.611456685741367068e+01
1.062976770267428073e+01
-1.822068150242116147e+01
2.504964568338380548e+00
5.875294050332972695e+00
8.125186946938923072e+00
9.521486087492037953e+00
1.835413604908763929e+01
1.281583097405441229e+01
1.903328467841956950e+01
2.256476025940417962e+00
4.972119844198733318e+00
8.114583554454119607e+00
8.025280028347946626e+00
1.609533354347712830e+01
1.059865725858738372e+01
1.772096221386257042e+01
2.163758209909577790e+00
4.634287402759536434e+00
7.371911431439612805e+00
8.553004910354310653e+00
-1.720808092886607454e+01
-1.102678320577829929e+01
1.652459621340244666e+01
2.466826838163302060e+00
6.897348494163690447e+00
7.891523763205389841e+00
8.524323570299179309e+00
-1.678585315830235558e+01
-1.197726321623626511e+01
-1.706226986185526684e+01
2.331042152356403552e+00
5.242102006091147182e+00
7.876123609284741534e+00
8.416203209857661349e+00
1.668320684927952868e+01
1.255223080926340096e+01
-1.674726338477685772e+01
2.162790297820972096e+00
4.662767320730068832e+00
7.996424528419155742e+00
9.856358300242025194e+00
1.890849984582337839e+01
1.257801801663874919e+01
-1.896122189947534409e+01
2.406631207456498611e+00
5.788726575471643265e+00
7.743960035092755767e+00
8.341128239555988699e+00
-1.643573989074011266e+01
-1.124776269575497167e+01
-1.671927992264718554e+01
2.406856473490123882e+00
5.366950948603239624e+00
8.260522238487487456e+00
8.525444778581533711e+00
1.691989781521659353e+01
1.150071823582529618e+01
-1.800395084704522120e+01
2.245623798423246331e+00
5.206205935428395826e+00
8.146585909418314841e+00
8.065039020925706126e+00
1.663752687806178798e+01
1.071623114459888271e+01
-1.619776953302440248e+01
2.440832136386804851e+00
5.606729248040179137e+00
7.998914113381184521e+00
8.707914130810779696e+00
-1.712050792293922186e+01
-1.174853963677479030e+01
1.737253737566789979e+01
2.421147611359268037e+00
5.760447813028483743e+00
8.390852285779798692e+00
8.621334906907119233e+00
1.715524109854711909e+01
1.157711454300911846e+01
1.758744279224984197e+01
2.231828182847482633e+00
5.336093715305763929e+00
7.920604621647890475e+00
8.077567873847462110e+00
1.657652116575014745e+01
1.078641399725459138e+01
-1.609954764477350508e+01
2.431383404198824483e+00
5.435589684593204574e+00
7.667302033222243018e+00
8.817982098586103490e+00
1.706667862240805178e+01
1.173810095410898136e+01
1.784098388513163513e+01
2.384858580285610596e+00
5.434203214406085003e+00
8.241499264146035841e+00
8.354135074123330895e+00
1.665236698454060260e+01
1.123641958330710544e+01
1.801164810551593121e+01
2.178380567594720318e+00
4.742128071105939924e+00
7.582823393147322122e+00
7.631684478947153849e+00
1.527191176058902755e+01
1.011017145754388658e+01
-1.566451215627326832e+01
2.466260550111230021e+00
6.925911814604994277e+00
7.887759045641241862e+00
8.513794586887328819e+00
-1.678329604686097554e+01
-1.198697953236933422e+01
-1.699784911577493673e+01
2.469238247023230137e+00
5.673875937110773648e+00
8.243212809509238070e+00
8.608535528432485151e+00
1.704883836317827317e+01
1.152919849150128684e+01
1.763034815556359902e+01
2.150908031218768723e+00
4.867294595562617232e+00
7.566807085407348588e+00
8.291597003282642930e+00
1.627754783290895801e+01
1.073412834821465722e+01
-1.653995472268841027e+01
2.388766602801756012e+00
6.887174458204447625e+00
7.939369266113758705e+00
8.472631040235091504e+00
-1.668216665785579877e+01
-1.196358311054603085e+01
-1.757455044792274990e+01
2.328552926178908855e+00
5.319372509558322193e+00
8.292177716381040398e+00
8.466814642858301099e+00
1.686978798270541446e+01
1.167372887146773230e+01
-1.734099802773003418e+01
2.317702482990618762e+00
5.887181815540445839e+00
7.865648059970963502e+00
8.575539225245655928e+00
1.698322630617488471e+01
1.153796385685044967e+01
-1.691535190249929244e+01
2.434756250092726226e+00
6.578401207315821786e+00
8.189169995776500954e+00
8.510259275014654179e+00
-1.686288382895696358e+01
-1.202326804766398993e+01
-1.779786398643853573e+01
2.393795110928215397e+00
5.322916124299526430e+00
8.309829305587816961e+00
8.547718634078032451e+00
1.710240895622099444e+01
1.122760446788538502e+01
-1.715475307353039724e+01
2.254569626910782443e+00
5.003843660505752133e+00
8.543609014613586794e+00
8.799226785123702044e+00
1.751837752591307051e+01
1.130409004763666481e+01
-1.782304260885203107e+01
2.424396679225768736e+00
7.546189243215486897e+00
8.473703246525129629e+00
8.740491847951378901e+00
-1.776284623803024942e+01
-1.255240331389769004e+01
1.738230232127318331e+01
2.397196298950249549e+00
5.963756986386774983e+00
8.231225511847155119e+00
8.484493392916283128e+00
1.684385675308378438e+01
1.193695749135920003e+01
1.792287091917441089e+01
2.000949746359101500e+00
4.218623871287407567e+00
6.895704466567090130e+00
7.192782314626693818e+00
1.424929636805786437e+01
9.324278656193101256e+00
1.486707529220352697e+01
2.453489528950025811e+00
5.483417486302855082e+00
8.068734113028153132e+00
9.419532025264597763e+00
1.820011002105989562e+01
1.251810361806911054e+01
1.856919137104942052e+01
2.301323843069417396e+00
5.272587549152836672e+00
8.028738221141049181e+00
8.218425924260808202e+00
1.636284202602212190e+01
1.090655573196640660e+01
-1.686133225517707146e+01
2.258180906488529871e+00
5.271666355406622095e+00
7.447759812072058949e+00
8.153839158126384490e+00
1.595464302536634449e+01
1.080467774072099552e+01
-1.830217483144625845e+01
2.353728077305245581e+00
5.033490234163035204e+00
7.438876975971555616e+00
8.374125348996720675e+00
1.642015084380027190e+01
1.153731159037564247e+01
1.644271825044087265e+01
2.349825345766772600e+00
5.647070033003543266e+00
7.967317827943710462e+00
8.468104791837525624e+00
1.675873205952345657e+01
-1.193689656261133258e+01
-1.695822071628763084e+01
2.253314327519608362e+00
5.113475677321038582e+00
7.688062019284116921e+00
8.547749098272314328e+00
1.719185431175174372e+01
1.110632707760736437e+01
-1.668580826241053572e+01
2.438502269073332229e+00
5.392636407841037816e+00
7.726333213609516193e+00
9.432811741919506332e+00
-1.801239257098212576e+01
-1.215442764266280840e+01
2.021988855990495892e+01
2.406882429195540851e+00
5.488724239310163178e+00
8.616848222804408763e+00
8.469997096330216024e+00
1.703276930018703794e+01
1.131288932588203089e+01
-1.754806447842754125e+01
2.499679965830047479e+00
5.620445938949996112e+00
7.759638549259847196e+00
8.283352966223365144e+00
1.633630816033007704e+01
1.117568475294516794e+01
1.673989025949078879e+01
2.488744898576641607e+00
5.367472164706895477e+00
8.713169849903188435e+00
1.009814947445166489e+01
2.011351049704168403e+01
-1.320675431548932721e+01
1.951732350894380730e+01
2.360064122701520883e+00
5.505405842416499773e+00
8.339258815596140906e+00
8.669561784315872544e+00
1.717402063264515988e+01
1.183294789370606814e+01
1.899928617457324975e+01
2.243813688593413680e+00
5.121720551905084129e+00
8.701231133070320922e+00
8.532794327589174443e+00
-1.726028729454630906e+01
1.117595137826120144e+01
-1.734944497745386016e+01
2.468053122905152996e+00
5.563550565217759036e+00
7.762040765356343464e+00
9.083525743609222047e+00
1.752299174769234824e+01
1.205563879988779519e+01
-1.807184031418670500e+01
2.411243210905511525e+00
5.454352993744373990e+00
8.859220478296768064e+00
8.747112321494949327e+00
1.786257553840472667e+01
1.158699626040015218e+01
1.760911874972627089e+01
2.217778532964743476e+00
5.227159970707313974e+00
7.138852699200474383e+00
8.291030559233320218e+00
-1.639217001596647449e+01
-1.114138464511795767e+01
1.604614297612566531e+01
2.410781186920177621e+00
5.266364586371310885e+00
8.002776876466571210e+00
9.458277013169855252e+00
1.822824496457172927e+01
1.335088504747345262e+01
1.857862921560478497e+01
2.396761868934816242e+00
5.720552419812386269e+00
8.169516956913605910e+00
8.354106890616410652e+00
1.661592477210549035e+01
1.134732401217115694e+01
-1.889675875842442920e+01
2.179639947597445282e+00
4.826925015146302123e+00
8.054932419713695779e+00
9.059133561570630988e+00
-1.762294563541399128e+01
1.147942125456191853e+01
1.837233895150829355e+01
2.506057561725153704e+00
5.875005964833723837e+00
8.128810593444715238e+00
9.553479047886050068e+00
1.840769916076674662e+01
1.286878287545235722e+01
1.901128016690473643e+01
2.341960132869327804e+00
5.285582261866017539e+00
7.648663787717032037e+00
8.021299765033994333e+00
1.591363362426179151e+01
1.095118913531313254e+01
-1.617342935940017057e+01
2.161880368376567052e+00
4.813983824182296090e+00
7.499332152103947102e+00
8.728044044026406212e+00
1.703011715871327070e+01
1.126031652425195340e+01
1.696001114908766638e+01
2.428634651082105744e+00
5.412702550359372644e+00
7.672946729232552165e+00
8.803953688408038047e+00
1.704663023618777373e+01
1.169658414901370236e+01
1.789990863452266368e+01
2.485460503558977852e+00
5.966462694539182543e+00
8.767843754577986815e+00
8.754371222585129786e+00
1.752018518898568544e+01
1.184601669012420366e+01
-1.834985684941525363e+01
2.194787810272205597e+00
5.028501670698609871e+00
7.400200015109865248e+00
8.162158210667325164e+00
1.598182894942190480e+01
1.069770121237166727e+01
-1.633799294726885165e+01
2.488248533639416227e+00
5.656594625745478666e+00
7.833735972181264273e+00
9.039939533835280372e+00
1.897074082649512405e+01
-1.261374666523900245e+01
1.747700067009110114e+01
2.439130383102650068e+00
6.000146217252210867e+00
8.722654236861414390e+00
8.750500839245610507e+00
1.749081621876839421e+01
1.192165231640097112e+01
-1.837101133599911762e+01
2.235620297769239428e+00
4.789853434304685464e+00
7.606936271067120003e+00
8.320566436716172021e+00
-1.676068554908725616e+01
-1.120795839986291753e+01
1.630998842296784446e+01
2.394276122373991900e+00
5.527948539114892590e+00
7.594891201835440420e+00
9.496405412474565821e+00
1.836644960801892168e+01
1.268434750017276436e+01
-1.809726164293030948e+01
2.423076616086869972e+00
6.014528807068480809e+00
8.018427828178429806e+00
8.365938471883376693e+00
1.655971510073983310e+01
1.156447881344429085e+01
-1.762612188349260478e+01
2.144095345649625894e+00
4.817809504069881399e+00
6.939558687113997593e+00
8.054451884624560520e+00
1.556951476844047022e+01
1.057483310540402144e+01
1.610047057298140416e+01
2.455496079444735358e+00
5.600782046928935110e+00
7.652040652577158930e+00
8.827162360540620867e+00
1.739274187551903239e+01
1.339667624404008350e+01
1.712151593573384289e+01
2.414203621449497295e+00
5.746195714207572358e+00
8.202436548000454408e+00
8.400237647433012711e+00
1.671638462855151630e+01
1.128875911834306756e+01
-1.729203894062646540e+01
2.198849142515486577e+00
4.733295983202238766e+00
7.450329791406232971e+00
8.015904686894339548e+00
1.577715483272192287e+01
1.073966407164501113e+01
1.620670638857261281e+01
2.437653602699444644e+00
5.920794874183086698e+00
7.499748629726203042e+00
9.608565466504519037e+00
1.819858832348755584e+01
1.505615469254803251e+01
1.857144548935642447e+01
2.430885919253379601e+00
5.859865175153470496e+00
8.345840336092731349e+00
8.367070465254441203e+00
1.673922814178684249e+01
1.130473236898877332e+01
-1.730172555160214642e+01
2.109709596254086605e+00
4.491376928631163779e+00
7.047406754506634563e+00
8.188071949787911308e+00
-1.619342762331060115e+01
-1.063636214798107993e+01
-1.584569496626644458e+01
2.489910181422783086e+00
5.939857253952241400e+00
7.730630076837942788e+00
9.191022710854127808e+00
1.775249587371835958e+01
1.355237463782838425e+01
1.786720947424891648e+01
2.468808349934300761e+00
6.138881060249103960e+00
8.597609311212293548e+00
8.732587118706504725e+00
1.740797304086391151e+01
1.186962127102852804e+01
1.806502673967831640e+01
2.199007960502257220e+00
4.959848770575167265e+00
7.260588032937324243e+00
7.592983594731391506e+00
1.502928475772523242e+01
1.010936334683569271e+01
-1.570367450334552473e+01
2.453420332650886770e+00
5.837492833998545017e+00
7.897178362886991820e+00
9.853972861511408610e+00
-1.885665835482936359e+01
1.433859005069319181e+01
1.890629949643833285e+01
2.421228835582596162e+00
5.737803728505628698e+00
8.405126996926759020e+00
8.593010942607078206e+00
1.710377961982313977e+01
1.159559836331834859e+01
1.773219315794603546e+01
2.084075406345777814e+00
4.560189287443819239e+00
6.788384667743041945e+00
7.568958849091607100e+00
1.476031629208608109e+01
1.000539476451644383e+01
1.537066277521642554e+01
2.413955298500689128e+00
5.508821562819479212e+00
7.782749636414282079e+00
1.066016038469267535e+01
-1.988396538604281361e+01
-1.347175567597139789e+01
-2.086563340808599776e+01
2.502143821686451552e+00
6.049637166671933741e+00
9.094016218967160725e+00
8.751960628179837443e+00
1.771706753945979429e+01
1.183503126882966150e+01
-1.805180878300564018e+01
2.132725049800226369e+00
4.875637345613854201e+00
7.225108175094856477e+00
8.604258327837802867e+00
1.666585522024284671e+01
1.169931364603793078e+01
1.667311867076019993e+01
2.509748857273689460e+00
5.823332671260293303e+00
8.154787673158946149e+00
9.789020410467246691e+00
1.918508874651291052e+01
1.330350499319147595e+01
-1.879412979903819902e+01
2.411251853639759801e+00
5.658717223160867782e+00
7.912933245493623424e+00
8.207656417398142779e+00
1.634747094282487723e+01
1.122112809279336965e+01
-1.652463891297453458e+01
2.210724388687347552e+00
5.477980405460619373e+00
7.349867297898154739e+00
8.034835984177227886e+00
1.709645903724903704e+01
1.104441103580376904e+01
-1.572758445865749444e+01
2.462574940501140119e+00
5.626335672207785521e+00
8.235230399372484911e+00
1.132850191878061175e+01
-2.196306045167127508e+01
1.414435700167965315e+01
-2.111469007420738464e+01
2.411034992241154917e+00
5.594795979230620553e+00
8.225190958505844918e+00
8.548763852367139648e+00
1.693713191502460447e+01
1.147658766562625665e+01
-1.803320332554282857e+01
2.216935288642392088e+00
5.404485088494690892e+00
7.624427387054710792e+00
7.908017500028818425e+00
1.567426570884683379e+01
1.065297273316158844e+01
-1.763711258228134682e+01
2.595148416077397879e+00
6.161264001192581219e+00
8.560620039349849719e+00
1.057165586379567479e+01
2.023609862304547846e+01
-1.381821098392955527e+01
2.035718483788189559e+01
2.495614375815160102e+00
6.582705425099947938e+00
8.663637289310814893e+00
8.800033850215891462e+00
1.767015575952093087e+01
1.219214909227319232e+01
-1.769534304634850841e+01
2.257743097291543766e+00
5.561526093270240167e+00
7.216489957168541913e+00
8.518973921467489774e+00
1.644302820117917108e+01
1.173658608247805013e+01
1.670729549366152256e+01
2.516100401489461014e+00
5.981517773035321284e+00
7.883466247838622820e+00
9.169933744274162635e+00
1.773865807069705625e+01
1.226721047212640059e+01
-1.807393389578712117e+01
2.458642406065147501e+00
6.029084450586986499e+00
8.309696516614081929e+00
8.626386350773222134e+00
1.709504368313098155e+01
1.184501025783881012e+01
-1.836835818778098428e+01
2.181597195679805701e+00
5.127358507685928934e+00
8.896427699395388800e+00
8.240509135900207838e+00
1.682529364846887177e+01
1.080696455724504368e+01
-1.737915356774119147e+01
2.379477937088297690e+00
5.876141931993674739e+00
8.906277282613631385e+00
1.020486430383175325e+01
-2.090327230089424404e+01
-1.330282820978600711e+01
1.976156283230342225e+01
2.449289270514544814e+00
7.155388787764985103e+00
1.019747469647515281e+01
9.248622689336658098e+00
-1.909147343800283281e+01
1.309453965903195893e+01
-1.915797039076050723e+01
2.233020522193370105e+00
6.754133609628682144e+00
8.921437371447304088e+00
8.310118122830830956e+00
-1.708526829446224227e+01
1.177796370146303317e+01
1.706790062003019770e+01
2.383530269860631545e+00
7.046720773697700224e+00
8.522180704896552328e+00
9.319567004817425726e+00
-1.824190702016047538e+01
1.302191321606369456e+01
1.932645992985118966e+01
2.409060866840142978e+00
6.578888402067605057e+00
1.005872254189452342e+01
9.355481269614205786e+00
-1.917663912760946943e+01
1.269173263025876430e+01
-1.925693889755557464e+01
2.189453533396171991e+00
5.544544265680735329e+00
8.452986112002346175e+00
8.079458489354653494e+00
1.670057610962737016e+01
1.087994687054509590e+01
1.639280402044590090e+01
2.481430879027807013e+00
6.501517889666867944e+00
8.914975859277785020e+00
9.168874455010708857e+00
1.852545951936452440e+01
1.246716051635455891e+01
1.826890938418963728e+01
2.444521242321254118e+00
6.610585617775229572e+00
9.236262984931567388e+00
8.635746154623388904e+00
-1.770376623008127481e+01
1.194104780915784048e+01
1.774248926434466611e+01
2.227986025669199677e+00
5.878783915866665488e+00
9.044623652609468323e+00
8.625475387165488783e+00
1.779918449286617843e+01
1.421862821147871969e+01
1.751177274576867049e+01
2.408707392122550583e+00
6.531700924011459186e+00
1.015273857428402238e+01
9.998889867903590911e+00
2.007470408913931692e+01
1.331300095415178575e+01
2.466705909549946085e+01
2.443168201400119699e+00
6.661073451978653637e+00
9.824585032802213291e+00
9.670996467882954306e+00
-1.979966655568613021e+01
1.300935561930476148e+01
-1.946005488822439133e+01
2.161173544582990935e+00
6.288390989130739683e+00
9.019373459222064682e+00
8.691828799256064997e+00
1.776214032840277923e+01
1.255999265639544049e+01
-1.764846084685692063e+01
2.465066914035148660e+00
5.979186817591703118e+00
8.938801864648546314e+00
9.995054311212872022e+00
-1.976227545314346301e+01
1.316055102476229877e+01
-1.952469797149441533e+01
2.374713628823419853e+00
5.888113937256944652e+00
9.678663283492420888e+00
8.832943766806609531e+00
1.815526250003394537e+01
1.189101916370835710e+01
1.837807330087010627e+01
2.277311554089339385e+00
5.680255495906731511e+00
8.828314213958925905e+00
8.201917494963907984e+00
1.701485202602838598e+01
1.104676218560682166e+01
1.678058379842203607e+01
2.512876397727398903e+00
6.485913620042504490e+00
9.445590105761240807e+00
9.423573497700170165e+00
-1.924049207967609121e+01
1.268462324273899711e+01
1.889911915548571741e+01
2.379264896997888901e+00
7.081563024647022253e+00
8.725179868108501324e+00
9.486936342412596090e+00
-1.864957009775372399e+01
-1.306684202811373119e+01
1.891273082413391649e+01
2.267336681731404902e+00
6.044474585708182524e+00
8.942823441273256790e+00
9.335578612910230945e+00
-1.977486039689399533e+01
-1.272588737302128514e+01
1.847532557208768367e+01
2.458113336636027491e+00
6.239800578256781804e+00
9.951303402369770623e+00
9.773985830719142953e+00
-2.156153442537859277e+01
1.311583782048831814e+01
-1.963666113586155504e+01
2.428629702565395565e+00
6.764643392865122173e+00
9.265956236960191106e+00
9.180654755305655002e+00
-1.857178480172551716e+01
1.256337852495015284e+01
1.853844421262150277e+01
2.212438274285334572e+00
5.876380481439609227e+00
8.760516084187042196e+00
8.768069351413112500e+00
-1.755276718866948116e+01
1.208520083144091650e+01
1.805599232811399801e+01
2.509152044006906834e+00
5.906280079421212470e+00
9.532844633610727314e+00
1.067796578424651166e+01
-2.103489140823114312e+01
1.363250161447833619e+01
2.086521569210684035e+01
2.311049540190759366e+00
6.234624319864645159e+00
9.312670656559426163e+00
9.273656188623199625e+00
1.897614172356568574e+01
1.252959226879615962e+01
1.860257799496778119e+01
2.183426372914460067e+00
7.795877588860288476e+00
8.126078943939631927e+00
8.485522445423535842e+00
-1.715904332143561462e+01
-1.259047215488964788e+01
-1.683544896216010756e+01
2.445854568751262281e+00
6.553739435557806914e+00
9.818400204425300259e+00
1.032364001970286438e+01
2.042178600109652464e+01
-1.361034379989577658e+01
-2.085976722063721667e+01
2.515081411607936523e+00
7.545151459156904217e+00
8.952560366953914439e+00
1.005587834711374207e+01
-1.966102610001944129e+01
1.383823735252041764e+01
-1.977498126653070187e+01
2.219820334254235306e+00
5.989683291570427670e+00
8.456553573610737118e+00
8.896852599228337155e+00
-1.803346034596695091e+01
1.226006859352698974e+01
-1.760138326555344435e+01
2.635876240416924254e+00
6.827040482107983088e+00
9.564172904975949407e+00
9.547030532431826089e+00
-1.948813563757795819e+01
1.298134534030941012e+01
1.914294442836643029e+01
2.413886322225127223e+00
6.056130919088053233e+00
1.032159655862778713e+01
1.049581800931366438e+01
-2.095115709148376837e+01
-1.363220186152530644e+01
-2.126146017666266985e+01
2.135435654156799146e+00
7.759994995221027203e+00
7.827230630543049905e+00
8.367101631359947334e+00
-1.646596736074296174e+01
1.225721561806689586e+01
-1.751832100425543359e+01
2.555712432731992667e+00
6.174547207995722431e+00
9.911377970085716527e+00
9.771770289447461622e+00
-2.128961321415982155e+01
-1.289847262775836079e+01
1.961344087164426497e+01
2.379578229982965976e+00
6.719066900071067217e+00
9.223996841124717960e+00
9.011003745865840742e+00
1.850323956743272547e+01
1.290404531601768134e+01
-1.817107992776549708e+01
2.276850999050171964e+00
6.115710327944222868e+00
9.002471175874845244e+00
8.700300728570605102e+00
-1.755185687232995306e+01
1.184605739721283868e+01
1.910467994909593514e+01
2.565031950429656593e+00
5.965411918970160876e+00
9.875872724912420964e+00
9.782247965196621209e+00
-1.966237025822764295e+01
1.365940266851408857e+01
-1.995066768448683447e+01
2.386050986998367485e+00
6.009231915143685043e+00
1.319070933732620432e+01
9.742813955145015470e+00
-2.157530748623648975e+01
-1.293541933340212324e+01
-2.125415196275534413e+01
2.205489469086393761e+00
6.574943934304884330e+00
8.047462982182361557e+00
8.715471903078155336e+00
-1.714143736951552199e+01
-1.308424920312683426e+01
-1.746301534551275125e+01
2.598961297243270518e+00
6.194299030189561961e+00
1.010707505818484542e+01
9.942561736178035403e+00
-1.999897301332555699e+01
-1.341640222318013720e+01
-2.040156763676985818e+01
2.443399992892879347e+00
6.820047050821701262e+00
8.738377834968320101e+00
9.326997812444867364e+00
-1.836634789472598683e+01
-1.276939629061926063e+01
-1.911957466427939067e+01
2.262948477632113153e+00
5.838044564556268412e+00
8.662461752074761989e+00
8.858533951815068974e+00
-1.805177204919369416e+01
-1.272679606600996749e+01
1.765085221037662322e+01
2.426426858360722250e+00
5.730102798319165025e+00
9.309569831430671627e+00
9.763638001456181215e+00
-1.973217409678877132e+01
1.268718066540746392e+01
-1.933219012825638572e+01
2.415707513389983241e+00
5.853233596436209218e+00
9.185856144760057518e+00
9.603696696779437048e+00
1.900267070391003799e+01
-1.393024350144486334e+01
1.985744586762413988e+01
2.183114769070319650e+00
7.018177249960507957e+00
8.479908936115091223e+00
8.727767003930503975e+00
-1.734787265871404216e+01
1.257366802124299809e+01
-1.790240232334327075e+01
2.545024323976724734e+00
6.309767862781439085e+00
1.017986680262284871e+01
9.220631510584897939e+00
1.916258480661983299e+01
1.237604189239470820e+01
1.900737144264574141e+01
2.469651648112881404e+00
6.415517009982635521e+00
9.350147429805232946e+00
1.057493250254423778e+01
2.067141619625347815e+01
1.403351473393537319e+01
-2.070592860805384205e+01
2.278096029268226630e+00
6.111367713621991271e+00
8.942842938444471201e+00
9.147530738364856973e+00
-1.819417289481778610e+01
1.280675160439200333e+01
1.928034302955392931e+01
2.481039234017753614e+00
5.955524249646450663e+00
9.399597062772755862e+00
8.974908449867919913e+00
-1.836273258338292180e+01
1.195344723879383686e+01
1.827202452250540432e+01
2.359208187334627116e+00
6.456793552365267530e+00
9.440603843702826126e+00
1.032123777504546958e+01
-2.119116876855731491e+01
-1.368012886838819853e+01
2.020445488228260089e+01
2.214735291769827530e+00
6.463150997847903589e+00
8.211654643307506163e+00
8.366987585490621271e+00
-1.669526864809257916e+01
1.170541680864610612e+01
-1.704856547097153197e+01
2.567701615908614787e+00
6.367813899243714104e+00
9.622814595067074706e+00
9.961662377520299927e+00
1.989657745766028896e+01
1.325866829787246637e+01
1.991254784023085378e+01
2.302776306116197880e+00
5.971217464559948951e+00
8.681579084455245621e+00
8.841655331561154796e+00
-1.795350646582592447e+01
1.226206536138514736e+01
1.765154071794726320e+01
2.136418905025050829e+00
6.059127581823195996e+00
8.191324146694267228e+00
9.150726528967890516e+00
-1.792499127891963440e+01
-1.218825239436594821e+01
-1.803278465632515903e+01
2.484262009370898472e+00
5.933046820055955628e+00
8.674096775831305450e+00
8.752393139586727600e+00
1.746563915316263405e+01
1.178648708911495468e+01
2.012221119707965400e+01
2.427731895234388926e+00
6.186863632371372823e+00
8.942719282270291004e+00
9.389385565775334896e+00
1.875568670976805308e+01
1.256473276368471303e+01
1.866551405176964806e+01
2.207591531773604121e+00
5.374009918414901499e+00
7.714658577217941904e+00
8.436122271848130794e+00
1.651310969620353575e+01
1.141767182317875751e+01
1.757903543081641828e+01
2.692460041655030167e+00
6.892251772997639137e+00
9.697480431764695652e+00
1.017627859527973833e+01
2.014706055935995721e+01
1.370853358899467977e+01
-2.053315044634045705e+01
2.403545173444881389e+00
6.516696153746365461e+00
9.127804293232721022e+00
9.365662269769099879e+00
-1.908848837470718607e+01
-1.279184859270767660e+01
1.863810070955595322e+01
2.155733853621716545e+00
6.480806500086444544e+00
7.858275719248919877e+00
8.363428977984531443e+00
-1.668163015166108920e+01
1.181300605954351113e+01
-1.657979420929649450e+01
2.554644457020171178e+00
6.165452668046127904e+00
9.908561879280981088e+00
9.784307799982935094e+00
2.090274275178144237e+01
-1.290272034976716142e+01
1.963136404548139780e+01
2.428328837779526239e+00
6.079739759936153121e+00
9.359944381160433480e+00
9.052944837583991600e+00
-1.844256076071429362e+01
1.214960608937143860e+01
1.838152330445082683e+01
2.364985878601871150e+00
6.078414443142436951e+00
8.713786701300699988e+00
8.733327629189648889e+00
1.800356936157945853e+01
-1.319766937444360089e+01
1.747514551636223956e+01
2.499402478675002204e+00
6.390680618705258276e+00
9.433883208231399919e+00
1.214327920852005782e+01
2.305627876791550079e+01
-1.539201747702228751e+01
2.311204229309826630e+01
2.352239597585918940e+00
5.829050293019577111e+00
9.516207039267682077e+00
1.010572898988321455e+01
-2.009278601176966106e+01
-1.349250305567719188e+01
2.004433505842287389e+01
2.177529858242521321e+00
6.707583588010949782e+00
8.612816719743596749e+00
8.577532874377267191e+00
1.731979955614196953e+01
1.227167309340503287e+01
1.732670060987103611e+01
2.421009371350584694e+00
5.799401831885279357e+00
8.780587340379161887e+00
9.412852619507672713e+00
1.878127452977316025e+01
1.236679297212809736e+01
-1.858276959636877734e+01
2.288843842024244513e+00
5.701460056199291415e+00
8.663073577211234166e+00
1.115866765691167828e+01
2.107812236810246276e+01
1.401727791141526858e+01
-2.177534610425616535e+01
2.283665791880443940e+00
6.036573357076541413e+00
9.003912386924977085e+00
8.953949537083904175e+00
-1.799332323208590623e+01
1.197716589617198224e+01
1.824010642135985805e+01
2.516429864872673505e+00
6.483330954593900408e+00
8.841556356566318442e+00
1.024863641533297276e+01
2.007352643584422225e+01
-1.462565748287723544e+01
1.986376898443162275e+01
2.355257829951204140e+00
6.505070170835517196e+00
1.033546539570216716e+01
9.711626801694317024e+00
-2.010435203086337452e+01
-1.321330748578719216e+01
1.977897133210062819e+01
2.337472612159206431e+00
6.383536662927405736e+00
9.406471690669800267e+00
9.154990403910700181e+00
-1.889400408448903335e+01
-1.286484791722904930e+01
1.846377174620464245e+01
2.530217829391002926e+00
5.885967385502951288e+00
9.341276281006868132e+00
9.837788179774099362e+00
-2.039175991579367775e+01
1.278282800516277362e+01
-1.942989344578963440e+01
2.359020099918116120e+00
7.228886922776860402e+00
9.951789861443280927e+00
9.859523804981213502e+00
-2.078981114894491711e+01
-1.347730328805494082e+01
1.976712796645646364e+01
2.249883798032525029e+00
6.162359394306013982e+00
8.214158243993084696e+00
9.556485672246186169e+00
1.869273724174173523e+01
-1.273849472411559169e+01
1.852392331954359861e+01
2.547525333215149512e+00
6.815578262491697181e+00
9.089680448151352010e+00
1.071090473730099291e+01
2.063762136511358136e+01
1.424440328813157386e+01
2.108165297548109507e+01
2.408316580085435366e+00
6.154228749653160691e+00
9.141383234159777160e+00
1.084609953038548369e+01
-2.090410586287112338e+01
1.398084676530240600e+01
2.113557156555306094e+01
2.365382199415181574e+00
6.220114261953385792e+00
9.429914899866377098e+00
8.330144663552941253e+00
1.768925285869863018e+01
1.163360529888011463e+01
-1.723550729731447362e+01
2.444146749520108131e+00
5.983936746287811914e+00
8.747678272052873183e+00
9.755905527166515157e+00
1.910332521063319078e+01
-1.305734758910936222e+01
1.923184455904426571e+01
2.424635663981238309e+00
6.739918760768651040e+00
9.732228789242132194e+00
9.150235253577424288e+00
-1.859152981668360738e+01
1.275696907365476918e+01
-2.036179087438244650e+01
2.268867985548570498e+00
5.539259249696315557e+00
9.811662483081395436e+00
8.596137964619119387e+00
-1.787802157401867120e+01
1.141058914691090820e+01
1.806024033449487831e+01
2.406991895061262987e+00
5.706700393442602603e+00
9.327189134686488359e+00
9.963737164762569876e+00
-1.970565033896065543e+01
-1.283085360016032617e+01
-1.983186923520435130e+01
2.350726750384456221e+00
5.865621734816089727e+00
8.824895579190929595e+00
9.567807696006363827e+00
1.876620113228859310e+01
1.316640401531594229e+01
1.977855013108296234e+01
2.218723497977788117e+00
5.602628531265567702e+00
8.994353193882211883e+00
8.931658087565706339e+00
-1.826341234788291956e+01
1.177866093166400141e+01
1.793855848735316982e+01
2.428935345311195704e+00
5.686183509947132286e+00
8.677570080076909775e+00
9.863372605472873644e+00
1.915949496056576251e+01
1.270799017047426638e+01
-1.961036811877733754e+01
2.369346643069579983e+00
9.294197889842088500e+00
9.032020096956419053e+00
1.048221364963849922e+01
-2.211312202073931843e+01
-1.527181644924698212e+01
-2.023936935675953563e+01
2.249598446830046061e+00
6.151111008629519539e+00
9.055727473913057324e+00
8.724983807164173655e+00
-1.761550658194788355e+01
1.219210711698250726e+01
1.917226744523710380e+01
2.465652377158944919e+00
5.851886532483749903e+00
9.354834938262095889e+00
1.035409629851755753e+01
2.031548013099625294e+01
1.357620252929500460e+01
2.041368324736364670e+01
2.358059695791586918e+00
5.979468302415924974e+00
9.492988500520429085e+00
1.065876700626464313e+01
2.086378383338037779e+01
-1.447266787417997058e+01
-2.090887200109734678e+01
2.219750481731808556e+00
5.967120008953963328e+00
8.388317561806394096e+00
8.520445561537092871e+00
-1.700532754209875463e+01
1.155498601258707048e+01
1.741612311461797802e+01
2.524565559070912624e+00
6.199672009889057200e+00
9.061511328274965749e+00
9.689123758345603576e+00
1.915183833990818130e+01
1.353206138671699854e+01
-1.930430495243908595e+01
2.492660385737361484e+00
6.281463726481000265e+00
9.871087682945336894e+00
9.886112245103916507e+00
-2.014724402409666837e+01
1.332353726163466234e+01
-1.980563559542619245e+01
1.936030240095184096e+00
3.890275263554913820e+00
7.733515293313925731e+00
7.750944403961247176e+00
1.549363488019491086e+01
9.751205207106819373e+00
1.683010670706444856e+01
2.474766657666811920e+00
5.499562725003050545e+00
7.424287438106322412e+00
8.557799611854099098e+00
1.661542147282926862e+01
1.131470441989585574e+01
1.683799310877747857e+01
2.117373106608872124e+00
4.248526008906953422e+00
6.417505117070879450e+00
6.417351665446331843e+00
1.283478065526433198e+01
8.541787554367264335e+00
1.561460388803370414e+01
2.134577934429767510e+00
4.282996913427005836e+00
8.056429384086792211e+00
8.693085915533799835e+00
1.729427958157734224e+01
1.202348367370419524e+01
-1.716221519935040973e+01
2.100199768686372703e+00
4.594182460391949441e+00
6.244013941157112058e+00
6.553374493278362856e+00
1.303010163440661628e+01
9.050191235211171303e+00
-1.321215624850252723e+01
1.982028249105667550e+00
3.974400600587471910e+00
7.781822461051128847e+00
7.728357910248167428e+00
1.548355306671656706e+01
9.725060887612611893e+00
1.714134344469589877e+01
1.971943326745600578e+00
3.962703952324284629e+00
6.863455370687121970e+00
6.891155243715062717e+00
1.376847914262306816e+01
8.892891012896873448e+00
-1.580218737232889126e+01
2.170438526793128542e+00
4.921308386213244290e+00
6.315945911115999678e+00
6.482176711009922876e+00
1.290667328044090745e+01
9.045573968253927788e+00
-1.335949060794420085e+01
2.216112346226268404e+00
4.460422613755337551e+00
7.134272657316249600e+00
7.143454975573393817e+00
1.428231879641732327e+01
9.377401931921648170e+00
-1.812901372117430299e+01
1.958014546566279268e+00
3.924121284351870020e+00
6.059098767625821225e+00
6.062918278719087617e+00
1.212392696231649225e+01
8.026721650078206594e+00
-1.518966808171819061e+01
2.182221203859421976e+00
4.732435605928510647e+00
6.701472914548724624e+00
7.097552419949422209e+00
1.418562506342209772e+01
9.824323110929785940e+00
-1.411521749696220063e+01
1.931591667452516203e+00
3.871192704152286890e+00
6.291793905620141736e+00
6.293610298607291043e+00
1.258631262256079353e+01
8.229856778564659692e+00
1.558166994954056328e+01
1.944385014512419740e+00
3.909775867551325224e+00
6.702486331845293854e+00
6.673146817801517194e+00
1.336099130209104935e+01
8.632356503247994084e+00
-1.530647874050658963e+01
2.237872303090116421e+00
4.935836627522569131e+00
6.959620522948256394e+00
7.316071617447456710e+00
1.473970961313396977e+01
1.016452956020571108e+01
-1.452171367479232345e+01
1.978177412894343901e+00
3.967847699749815771e+00
6.043552204200611122e+00
6.050421765717401534e+00
1.209740875139915417e+01
8.036462671150106374e+00
-1.633629288253366241e+01
1.963418249193625398e+00
3.931911764688801991e+00
6.873067177837905994e+00
6.861945081330455665e+00
1.372945121912306554e+01
8.828271928702379867e+00
-1.744069832819339538e+01
2.277032487784445891e+00
5.003927613731312007e+00
7.041052021145015161e+00
7.347999729328702934e+00
1.480919910953712737e+01
1.052985029837829778e+01
-1.461777143889461961e+01
2.008623566727477439e+00
4.028481882265110059e+00
5.975350311190631203e+00
5.978584749937236431e+00
1.195555240984218948e+01
7.994367940333773070e+00
1.506806136150461661e+01
1.766849138800956398e+00
3.543260380285723432e+00
6.159954637491365403e+00
6.114247144233791786e+00
1.225135523260708936e+01
7.886273122467378549e+00
-1.449113763149858869e+01
2.241885882739423241e+00
4.780143983786482309e+00
6.670133972915159859e+00
7.047148423142947316e+00
1.398026450703775581e+01
9.555956387621256098e+00
-1.417433606438447669e+01
2.048974999516670614e+00
4.106589272951302938e+00
6.273518320512338597e+00
6.278570538954546976e+00
1.255461498529055397e+01
8.333084032346569359e+00
1.611290455776010688e+01
2.649519450016338151e+00
6.112332826477277159e+00
8.974229355065483915e+00
8.953590029281750517e+00
1.792210001933381491e+01
1.211127119620000592e+01
-1.875677999046504496e+01
1.957014430566968777e+00
3.931371653449969639e+00
5.673486510734910837e+00
5.684548931450627229e+00
1.136356854332646549e+01
7.653437800401754032e+00
-1.389362390346083664e+01
1.997588321045219883e+00
4.005562697520478999e+00
5.787493887830609474e+00
5.780093453424950845e+00
1.156388750151323030e+01
7.782962203365006992e+00
1.444382871541580826e+01
2.052485084727144748e+00
4.112603059473470601e+00
6.916852626946849547e+00
6.895755241661607471e+00
1.380206257904465339e+01
8.953119768953291313e+00
-1.620450203140915946e+01
1.844957253809652586e+00
3.702326357296200854e+00
5.695161292501493833e+00
5.666638080470788985e+00
1.134753791668249434e+01
7.518116334847144699e+00
1.442826702026256136e+01
1.859431822547848112e+00
3.726249618324176893e+00
6.217464982096574388e+00
6.206250562789178638e+00
1.241810896386454566e+01
8.069404355645522386e+00
1.518728739567337449e+01
1.933421279660539227e+00
3.877542658486937910e+00
7.105774208690376348e+00
7.075210011901280183e+00
1.416582383455762262e+01
9.028788072626523942e+00
-1.579147279070434351e+01
2.130228023542622307e+00
4.275937643240945718e+00
6.374741094169246836e+00
6.372013128108022784e+00
1.274539108850204983e+01
8.512926997442605170e+00
1.544924866504009486e+01
2.216112346226268404e+00
4.460422613755337551e+00
7.134272657316249600e+00
7.143454975573393817e+00
1.428231879641732327e+01
9.377401931921648170e+00
-1.812901372117430299e+01
1.792442996584020065e+00
3.594226794995843299e+00
6.685572885076402017e+00
6.608620919649794700e+00
1.325572916471318585e+01
8.406651377368119071e+00
-1.539674242270736215e+01
2.029830222204973111e+00
4.070880893139556811e+00
6.145841798432260639e+00
6.138719258930135148e+00
1.228099978861684605e+01
8.174160993693272204e+00
-1.644818299769940140e+01
2.060066074607400211e+00
4.135101458704595778e+00
6.484556404097315152e+00
6.470079089176913989e+00
1.294740096125389428e+01
8.540272940229929333e+00
-1.530804092585115050e+01
1.754411185224903802e+00
3.513411236924312675e+00
5.747259311282459926e+00
5.753768472523387523e+00
1.150428247143072369e+01
7.512419973432709064e+00
-1.465795873392356441e+01
2.144360756338306917e+00
4.329446246765409789e+00
6.564323492675407046e+00
6.609202161581107404e+00
1.319600660039789020e+01
8.794377228476967900e+00
-1.505475528252722306e+01
1.959668591529501791e+00
3.929898473875272025e+00
6.425397063044148815e+00
6.418312735496930266e+00
1.284016772610730150e+01
8.383777572573702486e+00
1.602821473664312890e+01
1.840836625050694675e+00
3.692116284320792197e+00
7.422256039608473799e+00
7.710047823678789491e+00
1.528437352895902279e+01
9.619783261101288119e+00
1.599243967723318072e+01
2.204926168710869661e+00
4.424494201028321250e+00
6.549823185281020699e+00
6.545624837389275363e+00
1.309334895916658681e+01
8.757887836464899323e+00
1.624015861055642773e+01
1.985675453221557252e+00
3.984275935474531405e+00
6.585036492950870901e+00
6.574359206085727436e+00
1.315405725975820417e+01
8.568187467263753021e+00
1.616745517876306693e+01
1.989760075391870053e+00
4.064449339112437443e+00
6.726097241697091000e+00
7.080222815513648627e+00
1.398768495632626951e+01
9.113274777334490651e+00
1.483706663995459785e+01
1.966915162262036221e+00
3.941927158400927222e+00
5.895419769207174809e+00
5.884049639434713264e+00
1.177378435159943137e+01
7.855033930239897266e+00
-1.549489895693440822e+01
1.986041562231057211e+00
3.984867376011975271e+00
6.580476017004953881e+00
6.570171475572915476e+00
1.314549553375789870e+01
8.564405505164550902e+00
1.606686759949844046e+01
1.965461493554087058e+00
3.953368301672915752e+00
8.015293421187680067e+00
8.173750219239968473e+00
1.626990729006824665e+01
1.031784671607544723e+01
1.733067414898194514e+01
2.208537132065865105e+00
4.432315373687362836e+00
7.211341141139766542e+00
7.207206632256036194e+00
1.441648052353521869e+01
9.423779407721978529e+00
1.825436426507105381e+01
2.255253939059140400e+00
4.529921556468901933e+00
7.946600803051638628e+00
7.882824957349258810e+00
1.579755151337026398e+01
1.014791982896816691e+01
1.789794513638350892e+01
1.887720218245160009e+00
3.787832524643284238e+00
7.140099743520053721e+00
7.233209463553542662e+00
1.442000702876927321e+01
9.179218710352309074e+00
1.601070288190044266e+01
2.473029912017932208e+00
5.490368461792390242e+00
7.423178138299347140e+00
8.561964560105082001e+00
1.662574817485720047e+01
1.131441380827987508e+01
1.683126959926311628e+01
2.146873319661067647e+00
4.307753627493275950e+00
6.990948403283382184e+00
6.980252550259574917e+00
1.396585678724231272e+01
9.134593340742650724e+00
1.634662594218551490e+01
1.876575348331844140e+00
3.770779831837526075e+00
7.536144573974376648e+00
7.732968401551099547e+00
1.536911057134858538e+01
9.754691636096636032e+00
-1.643658635278015723e+01
2.149973312934178704e+00
4.322181434852527815e+00
6.602936033846035890e+00
6.606095022748621481e+00
1.321061124971455847e+01
8.770178423869587903e+00
-1.595685244287782290e+01
2.169609815121371632e+00
4.352476033790829923e+00
7.871967473971027474e+00
7.831583721739947102e+00
1.568336621651088869e+01
1.000862983965238229e+01
1.793241247472957767e+01
1.811983393893085603e+00
3.656237720427746751e+00
6.617639305175780251e+00
6.442265978670470794e+00
1.297278475633210704e+01
8.272975440192448460e+00
-1.426441849902948178e+01
2.367556806574314887e+00
4.767137354560394336e+00
7.109861020493201345e+00
7.124562798381922413e+00
1.424179325582350586e+01
9.513164937890440598e+00
1.627601254887809645e+01
2.215549814658255734e+00
4.459202506894557771e+00
7.109799125325434233e+00
7.118959336393419157e+00
1.423333858383886685e+01
9.352197549554260192e+00
-1.779184461649629156e+01
1.976732060972357985e+00
3.965859781869112144e+00
8.387509199631214329e+00
9.045407682129710025e+00
1.782929095494896288e+01
1.113213570720789214e+01
1.804867414356542810e+01
2.383695497215225778e+00
5.980773876401658917e+00
6.951481258356291271e+00
8.044166864870264888e+00
-1.559638058422471474e+01
-1.125771995459314034e+01
-1.586923741438235780e+01
2.090186888214079719e+00
4.190533307098212035e+00
7.029996710152112804e+00
7.023442832186826301e+00
1.405016347097127571e+01
9.119301156576241851e+00
1.674937667431820998e+01
1.890496211794922665e+00
3.794055614701042689e+00
8.190377321248373477e+00
9.120648913829404236e+00
-1.818896776939588023e+01
-1.110067144694507846e+01
-1.781130267306620496e+01
2.425367379908653476e+00
5.411358780483833009e+00
7.234837584971361757e+00
8.486215810398473280e+00
-1.690572065491380727e+01
-1.131146959294031973e+01
-1.636395718920323361e+01
2.125992258838185656e+00
4.261425680656715009e+00
6.846565069478525167e+00
6.839631348182259707e+00
1.368273133059940783e+01
8.971424811383784004e+00
1.622668138304798191e+01
1.942488984310587252e+00
3.905030977616275489e+00
8.550448293118220633e+00
8.106585828969951280e+00
1.643517397364547250e+01
1.006425240483387640e+01
1.817763078546953182e+01
2.206971129618392702e+00
4.959546588483720875e+00
6.481410463783825016e+00
7.370331329528168496e+00
-1.454526851607065296e+01
-9.910286936803162305e+00
1.437917967485580739e+01
2.138156419170489375e+00
4.292042416262793481e+00
6.756988149217669992e+00
6.753821591899984433e+00
1.350922862621521858e+01
8.904116767433260193e+00
1.601000051882667563e+01
2.061332825432119265e+00
4.145425790973525260e+00
8.166880232782993687e+00
8.828712002950693361e+00
1.744087358494707019e+01
1.109279414859199875e+01
1.752041662415044243e+01
2.347613760230879976e+00
5.409689385976298226e+00
6.743403824921137435e+00
7.346702385938922220e+00
1.442887776653731713e+01
1.005781913012667950e+01
1.479361213266205510e+01
2.155993039874821271e+00
4.325754296703325785e+00
6.741173048747651997e+00
6.733867371416323522e+00
1.347138889497277425e+01
8.897936947237530703e+00
1.608055457918106868e+01
2.054512876312554415e+00
4.134314104964083469e+00
8.125424570588355877e+00
9.138369240008229255e+00
-1.786723060229810756e+01
-1.120818363895435965e+01
-1.799201813931070149e+01
2.457741764912216187e+00
5.777195964760018398e+00
7.151241736806875693e+00
8.100351524726249863e+00
1.606811341823950201e+01
1.119643114570939701e+01
1.577652450172478993e+01
2.050811091440982281e+00
4.116806071669988576e+00
6.475131326620751970e+00
6.476453203673724346e+00
1.295224558134214021e+01
8.537785201655488265e+00
1.609500554858578170e+01
2.013173020387457601e+00
4.061848911991928546e+00
7.741590387175327770e+00
7.801267948515428152e+00
1.557544422850046573e+01
9.834688212130108909e+00
1.652300818814605421e+01
2.355412364707585748e+00
5.187085529826028996e+00
6.869421430118384464e+00
7.579080461421055404e+00
1.480355734746369656e+01
1.017673976967766691e+01
1.629482470084047208e+01
2.009654580005217017e+00
4.028520338803030398e+00
6.432157444766393617e+00
6.422704840168463214e+00
1.285013603283188388e+01
8.437112234490975027e+00
1.616817864482122502e+01
1.899400706060848876e+00
3.820200774229363994e+00
7.901317738110022582e+00
8.338678726048954104e+00
1.646648295487072033e+01
1.068308784257622612e+01
1.718473123953070925e+01
2.424401259945612619e+00
5.380809405660922806e+00
7.195197032726142083e+00
8.012362556495057575e+00
1.723948081084776973e+01
1.144463481115673709e+01
1.561626543478610074e+01
2.056466395053269114e+00
4.123172673502855545e+00
7.006933901917031804e+00
6.982330695279218347e+00
1.397696351763689293e+01
9.043968898370041032e+00
1.678577443626138077e+01
1.947207947535985584e+00
3.922364700937214455e+00
9.200240128710470700e+00
8.075600848935938103e+00
1.671462627391753486e+01
1.003689160313526685e+01
-1.786078213647048329e+01
2.449752987767733980e+00
5.765624625392307578e+00
7.123694695945926192e+00
8.053743343216057227e+00
1.595376806393221436e+01
1.113010324498602799e+01
1.570161178500386256e+01
2.034297596121258156e+00
4.077723301198412642e+00
6.376124486571709937e+00
6.378167600908549062e+00
1.275531404663158419e+01
8.418019195594794724e+00
1.562158721039282661e+01
1.990210735363676653e+00
4.011517254647808173e+00
7.449020134341725274e+00
7.863952150111675365e+00
1.553752693138709340e+01
9.909764582089277241e+00
-1.608095000057095092e+01
2.449042840253569331e+00
6.154816568033979252e+00
7.109755462018253702e+00
8.201686297645565560e+00
1.703897587534048341e+01
1.156066577824068631e+01
1.585835028168582816e+01
1.986041562231057211e+00
3.984867376011975271e+00
6.580476017004953881e+00
6.570171475572915476e+00
1.314549553375789870e+01
8.564405505164550902e+00
1.606686759949844046e+01
1.932943033172852543e+00
3.901073266701492237e+00
6.783445327911089784e+00
6.955676645554731863e+00
1.382764694756091828e+01
8.996322567749370336e+00
-1.480387151703619431e+01
2.471375867007771898e+00
5.489647111966588611e+00
7.417108579556416892e+00
8.573127164333952166e+00
1.663978129713463971e+01
1.132575900110731837e+01
1.684414614854767933e+01
1.937474208763236394e+00
3.881962691520378428e+00
6.087043654032588513e+00
6.079454562825580055e+00
1.216270386092322298e+01
8.020668250991027648e+00
-1.519208325200664511e+01
1.856751710715818460e+00
3.752363062488116352e+00
7.321338813073636764e+00
7.028246115001247851e+00
1.421666309520955984e+01
8.929271826839215720e+00
1.481103183317614302e+01
2.405178040297974107e+00
5.239110544739132180e+00
7.216267471440189318e+00
7.984438202427233122e+00
1.561095888070947879e+01
1.060519650465331409e+01
1.605723679231931555e+01
1.920023609908947160e+00
3.850914124444164699e+00
5.871369493800203898e+00
5.876850553443443204e+00
1.175096061710340933e+01
7.803032123335968961e+00
1.511810079540189733e+01
1.765238423725341121e+00
3.549190392979051367e+00
6.718742078624138969e+00
6.768578270388468709e+00
1.351227553985252605e+01
8.563661043174196408e+00
-1.539597670951529906e+01
2.524367796748769432e+00
5.446692122868419972e+00
7.663172382503338653e+00
8.748451250393573631e+00
1.703018735849521903e+01
1.160218313130471302e+01
-1.721930701681905163e+01
2.155481989601768067e+00
4.325141633469461233e+00
7.008461436759631624e+00
6.997977011327046526e+00
1.400119972740577268e+01
9.161048983800364809e+00
1.639803582113111347e+01
2.206308437588762494e+00
5.533032670000441300e+00
7.167679949220382873e+00
7.523347887204205442e+00
1.487785110235052599e+01
1.033073843511438916e+01
-1.556485524328940073e+01
2.635966535210255035e+00
6.082719662573814468e+00
8.834115661416422682e+00
9.147896131559946298e+00
1.832579101202992433e+01
1.221152041684488410e+01
1.825827075575802283e+01
2.634930037763971722e+00
6.509269633595509141e+00
8.865469192888010497e+00
9.523607938906138770e+00
-1.874491127308273519e+01
-1.280014376332505854e+01
1.918598686500264705e+01
2.290956770987042201e+00
6.392830530092468599e+00
8.305622354046775513e+00
7.863139578249215944e+00
1.602303350127109738e+01
-1.160698485451283091e+01
1.621355039166298795e+01
2.593843156193913035e+00
6.156882653794644611e+00
8.561391098647918696e+00
8.954513808389465979e+00
1.809374913395483020e+01
1.205220223680876224e+01
1.775364956549356421e+01
2.614561196583401692e+00
6.334790427175893690e+00
8.810738648316238653e+00
9.264214165927432632e+00
1.897168838359556275e+01
-1.460374709507255098e+01
1.831185022273671947e+01
2.295391602579018198e+00
6.047111756906886626e+00
7.788548291874684004e+00
7.700053815822409220e+00
1.560914003384688442e+01
1.081972331972751000e+01
1.558147993822967514e+01
2.590672741344997920e+00
6.340281770136997785e+00
8.586986795930062755e+00
9.071755021582587730e+00
1.812232072196953681e+01
1.248077491600587408e+01
1.799840466204610578e+01
2.588140035519766791e+00
5.894360965575155653e+00
8.288962693290685024e+00
8.674027433664498687e+00
1.735689544035523113e+01
1.181748884621610074e+01
1.726485955935502403e+01
2.223819227543304411e+00
6.547729142451870210e+00
7.600940960722365247e+00
7.624351049388449653e+00
1.529470864927325380e+01
1.091150234974098687e+01
1.555295975955087862e+01
2.590976666656224836e+00
6.524307906524721368e+00
8.417289863190427823e+00
8.775540522134358312e+00
1.784417072320873032e+01
1.215535321789388057e+01
1.739815312509888301e+01
2.623737375016715667e+00
6.596258885188361454e+00
8.713431291089309028e+00
9.283100122578501256e+00
-1.905560587387266480e+01
-1.293245214446037750e+01
1.828759584811517414e+01
2.209695081528406657e+00
5.345011576384471219e+00
7.097085425559640726e+00
7.512737357348283851e+00
1.486538709890673182e+01
1.023546882369074318e+01
1.517002426536300419e+01
2.591145917490357498e+00
7.908068833122929853e+00
9.104367319856200069e+00
9.339956462088132128e+00
-1.877918898690474592e+01
-1.333838167883064330e+01
1.866176299137043415e+01
2.604195546602786404e+00
6.560678987542052809e+00
8.925494355346275555e+00
9.535933029773831393e+00
-1.877405157855172391e+01
-1.311324830360245564e+01
1.950395747204330021e+01
2.205678336782883608e+00
5.847435824176965724e+00
7.204645410487724888e+00
7.772300850842094988e+00
1.526190926833107220e+01
1.069602052055145336e+01
1.640216573665483679e+01
2.468866772769470863e+00
6.089724096872600079e+00
8.301123903605445165e+00
8.309569098393547293e+00
1.662267245554246387e+01
1.154222347970829787e+01
1.734231677131758076e+01
2.539444595606609845e+00
6.192650950286882505e+00
8.518283985190659990e+00
8.969873828431323304e+00
-2.011641361988922938e+01
-1.247210743458356674e+01
1.771395613803859348e+01
2.158402778839123126e+00
6.266669981909277709e+00
7.099405376564188686e+00
8.137114660524103371e+00
1.579156888134342118e+01
1.127184744928595350e+01
1.616227812218296123e+01
2.555395645951682670e+00
6.774476908613777937e+00
8.777391867172962492e+00
9.203807074782424991e+00
-1.975217818743041320e+01
1.270728246951943419e+01
1.819457303167904882e+01
2.469927614467519295e+00
6.441090037436291382e+00
8.490718438927835621e+00
8.942993816118487871e+00
1.816386136652089434e+01
-1.243609463818327932e+01
1.768228751539738397e+01
2.141873235811984522e+00
5.182058930453148804e+00
7.174984881595348085e+00
7.341726046192316169e+00
1.460053305400679591e+01
1.030654761774337658e+01
-1.594133440097235876e+01
2.583802302678624319e+00
6.104139919326719621e+00
8.879618786744677195e+00
8.931293164789773087e+00
1.803462727470658322e+01
1.198348379209716796e+01
1.794840449090866841e+01
2.567163971906877062e+00
6.408875592450002934e+00
8.600084626724306958e+00
9.154615737014431431e+00
1.968034251614826147e+01
-1.331320428709582515e+01
1.803207559467909249e+01
2.141434626402701102e+00
5.243782214810647879e+00
7.467162507801307747e+00
7.624987960829345823e+00
1.520287328587641262e+01
-1.123255841890860296e+01
1.560386881710696194e+01
2.532440225409610779e+00
5.990586481134908325e+00
8.188466734132319402e+00
8.285714947459990043e+00
1.656605058011973597e+01
1.130462411255607158e+01
1.689447971392601744e+01
2.603981261102918054e+00
6.150019689475488605e+00
8.616978870394719436e+00
9.185004676442241944e+00
-1.910109359041663168e+01
-1.298359672686404842e+01
1.808803158654040644e+01
2.184540082547983264e+00
5.227434333026139690e+00
7.208222773199342903e+00
7.545315687274838368e+00
1.495547004621578324e+01
-1.168024109020500312e+01
1.534516428896498219e+01
2.603201316022612843e+00
6.563812319812367235e+00
8.896269649113003553e+00
9.781207771257491856e+00
-1.951509018789689520e+01
1.311506569165201519e+01
1.915834357442030722e+01
2.568872863388122152e+00
6.309238378405420455e+00
8.481470159709344259e+00
8.903336895094739134e+00
1.840430281215514441e+01
1.253613547579637988e+01
1.760104837065132344e+01
2.282733072399537821e+00
6.049725905357521860e+00
7.491699482200857574e+00
7.828066745216156086e+00
1.551927798710932827e+01
1.115135019121029814e+01
-1.592383556694087510e+01
2.608363502851287041e+00
6.303563364287237292e+00
8.775336415475884166e+00
9.018811953796321390e+00
1.797163006629009274e+01
1.219577893016897718e+01
1.823844055218389215e+01
2.602925005226226496e+00
6.129946278021331629e+00
8.361219174915648367e+00
8.937304073230494694e+00
-1.899446312264338843e+01
-1.256559115608806287e+01
1.758689781463519353e+01
2.182109852308506515e+00
5.059226151272462779e+00
7.055763147888224118e+00
7.388758696440289597e+00
1.462007024520826093e+01
9.920250978784993734e+00
1.530556704823459491e+01
2.672493792318825445e+00
6.628304173251913234e+00
9.353567882797475974e+00
9.471207474181344566e+00
1.894666874252727595e+01
1.318721276950621402e+01
1.918282250628911356e+01
2.522960836823281205e+00
5.798135188132134132e+00
8.334306065320671308e+00
8.710932077298457088e+00
1.756802201040024869e+01
1.214147040488408358e+01
1.728592769617389635e+01
2.307215498148722510e+00
5.425820783695197491e+00
7.363419615230724524e+00
7.604454503874421789e+00
1.510126453142555825e+01
1.036150388848654558e+01
-1.570833406394859644e+01
2.632748070120726425e+00
6.738708970966682976e+00
8.847645050315879445e+00
9.432715852065607365e+00
-1.906521999803823419e+01
1.408256881303673147e+01
1.859664496644420240e+01
2.628729124327529032e+00
6.453718054374689927e+00
8.857070076064788466e+00
9.347611048884518326e+00
-1.930516855958877898e+01
-1.297714447372264068e+01
1.845422315612137609e+01
2.228805526996765263e+00
5.921586320284501603e+00
7.125639876004114193e+00
7.365470904057665358e+00
1.461541218083879201e+01
1.036199092867837734e+01
1.546056399755403632e+01
2.618876305767539492e+00
6.645647067779505868e+00
8.939454214166781654e+00
9.375383634881579553e+00
1.854315458955290197e+01
1.287485931104739301e+01
1.919882240569475940e+01
2.537914190437673412e+00
6.141736232641761717e+00
8.320343546119836731e+00
8.702546998078759088e+00
1.748179697917316133e+01
1.267005321196474377e+01
1.728877135050617397e+01
2.248860721856947187e+00
5.742062756453964134e+00
7.336144916451984521e+00
7.735637668882351825e+00
1.527292887266732890e+01
1.064148661959982256e+01
1.636755546757168744e+01
2.609164528284483087e+00
7.847885275136517791e+00
8.582055383249059588e+00
9.038565609657178257e+00
1.822995754306578320e+01
-1.324961336816048707e+01
1.789010149975451469e+01
2.637131846530949453e+00
6.265421286033929782e+00
8.362711702586739904e+00
8.872377444198562557e+00
1.786443736182058473e+01
1.229657118673088156e+01
1.753254562969393149e+01
2.298560167857990333e+00
5.581793451378545434e+00
7.904897832550866532e+00
7.977951416298461496e+00
1.593957617156594253e+01
1.111920315956901284e+01
1.644509788176438647e+01
2.661779958817703129e+00
7.004294180383177526e+00
8.555192047038255865e+00
9.274604237022595399e+00
1.841685268861861502e+01
-1.286349836870246754e+01
1.828337793885214779e+01
2.652904312365212736e+00
6.215295732946136908e+00
8.682339468992550380e+00
9.304710116785560814e+00
-1.892145114558061891e+01
-1.299603410399048009e+01
1.831090952570328056e+01
2.235645473075773992e+00
5.489806781709095418e+00
7.421764107320550252e+00
7.467145118383022862e+00
1.491588645027936977e+01
1.021675126672598033e+01
1.576605421237385585e+01
2.558702041238019476e+00
6.976331976689845504e+00
8.431227558578624937e+00
8.945482448781005402e+00
1.766223428358333081e+01
1.251024304432583634e+01
1.808962337866060466e+01
2.548012943928716467e+00
6.003576155270619275e+00
8.329371952079393182e+00
9.019663186079597494e+00
-1.805854280841660753e+01
-1.215850705530199605e+01
1.773907047396944492e+01
2.234624285383509878e+00
5.761268281051219908e+00
7.370860750602370004e+00
7.462394269445755235e+00
1.488461287277649703e+01
1.039229334744213951e+01
-1.567644011566779305e+01
2.609597990955846658e+00
6.852020878783264379e+00
8.802387670654873375e+00
9.073897820755089327e+00
1.868118352439017471e+01
1.259399586074850319e+01
1.802224124705163888e+01
2.585179334584559729e+00
6.273319330075238121e+00
8.262135230356376425e+00
8.977021279999888748e+00
-1.824157231853667582e+01
-1.263219227718844273e+01
1.760803338352987879e+01
2.198476820437585300e+00
6.132527515482357749e+00
7.470809164500490596e+00
7.525734323684060811e+00
1.507155169002439266e+01
1.064594802415066432e+01
1.537716717609982275e+01
2.529595722702171035e+00
6.298400482777197773e+00
8.676910413897729768e+00
9.021585366244362802e+00
1.815629407420294683e+01
1.315291144775133070e+01
1.793875070251165127e+01
2.599538065340323278e+00
6.299599595480008141e+00
8.534891345579071142e+00
9.153168386822461144e+00
-1.932485388271021520e+01
-1.250525907522575331e+01
1.799767900792663156e+01
2.165148013618601652e+00
5.538903736671360711e+00
7.150476399439821940e+00
7.324092334780246460e+00
1.458469213485694205e+01
1.019051833468026835e+01
1.505748553495174136e+01
2.572126245360742747e+00
7.166139137289659011e+00
8.757017070932965552e+00
9.420011373306659053e+00
-1.906589122337822317e+01
-1.303323526711923286e+01
1.852587385147816690e+01
2.555402449513522356e+00
6.004517437881183639e+00
8.309103811525895722e+00
8.803411220055204822e+00
1.791861253750163741e+01
-1.366166781711422118e+01
1.737688625080983584e+01
2.393155014436000538e+00
6.040558713865058493e+00
7.740811472349376388e+00
7.943139759641168141e+00
1.578512299551607256e+01
1.098124930083035800e+01
-1.801252228787279464e+01
2.595274891516190952e+00
6.363349133171220195e+00
8.624551371512261255e+00
9.106803294989845199e+00
1.834446826433169875e+01
1.246484333904066055e+01
1.801565635034661028e+01
2.512675828042717718e+00
5.830017862989231858e+00
8.121007020685967248e+00
8.484245082435455387e+00
1.708963849438386617e+01
-1.336876221854243774e+01
1.684876445603612183e+01
2.239793563565663170e+00
7.749038385460708334e+00
7.491801340213420701e+00
7.804004747358174399e+00
1.545190918871935537e+01
1.240266526842210304e+01
-1.804759802651505041e+01
2.472363060592539075e+00
5.949505949908566294e+00
8.059542170823743135e+00
8.684776410520138157e+00
1.761612748320223787e+01
1.445987934787382656e+01
1.707413276601568342e+01
2.522883175749344176e+00
5.841850353248955408e+00
8.198049194530625527e+00
8.630221508036798994e+00
1.721103050684841307e+01
1.207512064092383142e+01
1.717983279489525827e+01
2.383548503682872965e+00
6.854435829221570131e+00
8.047024551555466587e+00
8.432789632869193142e+00
1.667373583889842692e+01
1.191733680833538678e+01
1.783326167282478991e+01
2.553104445382166521e+00
6.512086113732009629e+00
8.550517683177643491e+00
8.987154233831068595e+00
1.784037505031798077e+01
1.226214825817884169e+01
1.800206287781457348e+01
2.530841690074451034e+00
5.769687021953249229e+00
8.146692863970251608e+00
8.733530471491851799e+00
1.778904950158934639e+01
-1.297483650670856825e+01
1.718679518234279868e+01
2.309780754595242680e+00
7.976284701367470475e+00
8.315304302901333600e+00
8.935246860534538982e+00
1.765894354011887657e+01
-1.302810603538359047e+01
1.777971051140242054e+01
2.532915840016294329e+00
5.821748080946501425e+00
8.408310720273529881e+00
8.693854319869529945e+00
1.733665709017145673e+01
1.183126963379906194e+01
1.747632967251490044e+01
2.587406472563812621e+00
6.280508697198834867e+00
8.291186908115914633e+00
8.931617402911419035e+00
1.933915105906380560e+01
1.290319095157025053e+01
1.754307509087654182e+01
2.322389790119896436e+00
5.700417437623021222e+00
7.604520643142788749e+00
8.009323361129876417e+00
1.581624681230095852e+01
1.087002115082166753e+01
1.840408384530607933e+01
2.521890883782091031e+00
6.262667847599685089e+00
8.464275707166127205e+00
8.992174686206579892e+00
1.884203818021991239e+01
-1.344373207946960846e+01
1.772164359780716580e+01
2.441987921985221632e+00
5.501611352556531997e+00
8.093375295214864096e+00
8.413671828861962965e+00
1.676880731015813097e+01
1.192865880586285954e+01
1.688092860457200217e+01
2.294928328332626943e+00
5.643753818825369528e+00
7.971573508553444931e+00
8.526057421673746362e+00
1.682065960135815885e+01
-1.378668861719458683e+01
-1.713537154384634675e+01
2.584357113302627518e+00
7.111012047585239415e+00
8.725513608208373739e+00
9.074211580781371467e+00
-1.878209796708449275e+01
1.333546685786977726e+01
1.797939546809918099e+01
2.562713229397306502e+00
5.982364339531369701e+00
8.442505452783763076e+00
8.988475704496762475e+00
-1.858183687093058367e+01
-1.285298240158847349e+01
1.770781089122935725e+01
2.176393209359852143e+00
6.197692312768631417e+00
7.259599013226647024e+00
7.530604369641705098e+00
1.492571321492898662e+01
1.062986917261087960e+01
1.716681678668805233e+01
2.589634630341854038e+00
7.199617148452253979e+00
8.831356581517454174e+00
9.343055012638266987e+00
-1.886054582481535746e+01
-1.297541132686346366e+01
1.846247124818976104e+01
2.596623025603756574e+00
6.060881803827083303e+00
8.446504558654780226e+00
8.966087136611179176e+00
1.812820121953918928e+01
1.285037794064584027e+01
1.770077530190473070e+01
2.298075078105417557e+00
6.165180411760970536e+00
7.738845092215909993e+00
7.842699821605878974e+00
1.574899099473100605e+01
1.092953287810636809e+01
1.582572804466012073e+01
2.580566641076715406e+00
8.022436763770596002e+00
9.007046582520361611e+00
9.377522319221812452e+00
1.860469844633961145e+01
1.415624744324543727e+01
1.898403529639616494e+01
2.562894570753882828e+00
6.251327566237366185e+00
8.511121357690051070e+00
8.873242346544436998e+00
1.800032254147694033e+01
1.260216161400472501e+01
1.759690596675038421e+01
2.295487105080283641e+00
5.509560503864029180e+00
7.682162313517675756e+00
8.373981944154612833e+00
-1.744619453706695822e+01
-1.129703038102057633e+01
-1.640383338242693867e+01
2.561555456348326043e+00
6.623294255026387134e+00
8.409488285086741399e+00
8.947442333712238849e+00
1.795812905117466940e+01
-1.295619625744931547e+01
1.767890186188346746e+01
2.585783831690015244e+00
5.848228683539309358e+00
8.320827783143787570e+00
8.828967543862061618e+00
1.792236761917591181e+01
1.249349777934023997e+01
1.742478216710696515e+01
2.277017907642830963e+00
5.674947369519454554e+00
7.639508175346592544e+00
7.998632230727984016e+00
1.582125174139280155e+01
1.117620285948295766e+01
-1.671278000695807009e+01
2.530991211200267266e+00
6.359876690273967625e+00
8.248609057500784658e+00
8.746423595459489775e+00
1.760834484281351919e+01
-1.309211965919266341e+01
1.728881979764863530e+01
2.586651003260125314e+00
6.204379970673449485e+00
8.607266137589133947e+00
8.911857112255169966e+00
1.808369675338834170e+01
1.258506243077292730e+01
1.770665221040622939e+01
2.359805908759695647e+00
5.926675623966229267e+00
7.952933205499656211e+00
9.023312000335595329e+00
-1.751550918166343251e+01
-1.203926392288622260e+01
1.837680452478337045e+01
2.732618544800434091e+00
6.114290916613903448e+00
8.691511920644177991e+00
9.462073469217743948e+00
1.854969211815040708e+01
1.252059090318009638e+01
1.919540072186238788e+01
2.455047165366389894e+00
7.831010203653232082e+00
9.322437223259003147e+00
9.092567247971036437e+00
1.849917478650506553e+01
1.319537237011564557e+01
-1.841090370615005511e+01
2.345429908120365337e+00
6.282881015691828885e+00
8.081742268235323934e+00
1.059243721818401696e+01
1.992956967743241492e+01
-1.378593732557554041e+01
-2.178262999109318088e+01
2.554720221859428264e+00
5.919355259133657121e+00
8.406359329948063674e+00
9.502709768012250535e+00
-1.849225892441874208e+01
-1.249632149034792405e+01
-1.887076894690672191e+01
2.488546396406370320e+00
6.885798475644670624e+00
8.399049701877240537e+00
9.002896788855110799e+00
1.773275117177765736e+01
1.267861949477770089e+01
1.815622058418641771e+01
2.427597831896335379e+00
6.213583054584804977e+00
8.547015048142043270e+00
9.036965342794266220e+00
1.786704881350178198e+01
1.293885563031269292e+01
1.822567680809025603e+01
2.697667282727907789e+00
6.103417171932004059e+00
8.761089819866773709e+00
9.522707993553638062e+00
1.909811310035733811e+01
-1.266818729873278215e+01
-1.869630667085680642e+01
2.446825990137965423e+00
6.057525443822489031e+00
8.641563897855446541e+00
9.558132022540533512e+00
1.932856990924712548e+01
1.258795719277078007e+01
-1.866811131132421409e+01
2.354601644862157173e+00
5.786786902024243950e+00
7.608313547088746631e+00
8.906697739495099242e+00
1.772275226087436550e+01
1.190272064938736918e+01
-1.718145351806100507e+01
2.454767609478253565e+00
5.485261555046917259e+00
8.218953847706375271e+00
9.737737156306813802e+00
-1.881487687113545348e+01
-1.254993716170102758e+01
1.893462156378424410e+01
2.371089747578321916e+00
5.847763680202220371e+00
9.061994061124414301e+00
9.107955956075574733e+00
-1.861070585497480323e+01
1.203504513738223736e+01
-1.822721035307469606e+01
2.314958288479080917e+00
5.474514528146275261e+00
7.672990011487669015e+00
8.570715601580980447e+00
1.675102145066779968e+01
1.135387402161375547e+01
-1.700611330711566538e+01
2.455882920319857554e+00
5.355121221050835878e+00
8.153943475860607748e+00
9.148208749943385953e+00
1.782508452459759951e+01
1.199951659744823296e+01
1.827462713943455697e+01
2.448097116705423293e+00
6.149627017986392552e+00
8.759055637125687355e+00
9.446380070558879183e+00
-1.988780988203555466e+01
1.255837442612263644e+01
-1.854955478866067153e+01
2.357330190789204138e+00
5.545800025327205063e+00
7.867904411797649544e+00
8.401775297544801901e+00
1.670217349699507281e+01
1.120102297634252331e+01
-1.667306178429075203e+01
2.605906904152882841e+00
5.889974443547498772e+00
8.829447852392217300e+00
9.268679643537828028e+00
1.840325539205473149e+01
1.288008596296614705e+01
-1.856146172509955505e+01
2.545285349242675910e+00
6.819217021285435720e+00
9.076561598938381437e+00
9.401342058484447151e+00
1.940302611050728387e+01
1.281096717348383685e+01
-1.864686815744515869e+01
2.280765202882416354e+00
5.907960632281404223e+00
8.302664879243266682e+00
8.642311019825330121e+00
1.711802122260353087e+01
1.181208891004604133e+01
1.803070542672083931e+01
2.617887519413179209e+00
5.846995210575335555e+00
8.762719877111951661e+00
9.456359525375464870e+00
1.898842221295262789e+01
-1.276871604288718665e+01
-1.859937696068355351e+01
2.569905476672762479e+00
6.206564482189074639e+00
9.624199576782723753e+00
9.477683291642090779e+00
1.903211425503723930e+01
1.260863419844472411e+01
1.992736089442757219e+01
2.275645028448671781e+00
5.392300765093779091e+00
7.897752196021717630e+00
8.447115861714749485e+00
1.662703462840205404e+01
1.146885914242537119e+01
1.735457037185430096e+01
2.521364152478373644e+00
6.102921819118538593e+00
8.656464624192693691e+00
9.327035931800532254e+00
1.836000000087085127e+01
1.291367790347423217e+01
-1.869992315191911203e+01
2.493703842583731678e+00
6.633306339013611108e+00
8.796302399023538499e+00
9.073227836674183422e+00
1.851406501431857521e+01
1.239318723618887574e+01
-1.803020738926831612e+01
2.353424075913558955e+00
5.934363990973197112e+00
7.915805671798134213e+00
8.962504549769660045e+00
-1.740845638724110245e+01
-1.203395290680992424e+01
-1.815727641456749453e+01
2.450059302388666982e+00
5.616388510332515516e+00
8.082627775812778026e+00
9.050410417342906300e+00
1.761693056427279203e+01
1.186196632291911968e+01
2.027463975455863121e+01
2.485245714493153457e+00
5.995132135625320657e+00
8.751652359689028771e+00
9.624248059648991216e+00
1.898341503893250959e+01
1.262499058953613940e+01
-1.894381446247280820e+01
2.283350978647006979e+00
5.130520849143171525e+00
7.334218809917627979e+00
8.193388080228714898e+00
1.604610166940725691e+01
1.081161657571619550e+01
-1.619403338100514844e+01
2.427157426279956010e+00
6.428932170953724601e+00
8.981952078073572210e+00
9.842109994837597853e+00
-1.973247192053642607e+01
1.346804328039300636e+01
-1.927956656089471821e+01
2.408104245650103614e+00
6.676561950396063594e+00
8.268109644932680524e+00
9.792930550923660604e+00
-1.904238781211779852e+01
1.367629822137426387e+01
1.892201574981401535e+01
2.314040666043538863e+00
5.463234834340365609e+00
7.675047292272702215e+00
8.496273210146824795e+00
1.720476923214656750e+01
1.154868677688340739e+01
-1.659463096681713523e+01
2.470659638607684006e+00
5.774816894026772118e+00
8.396369502169520160e+00
9.683330744186626760e+00
1.925475976136414502e+01
1.263485665080938425e+01
1.874281836017859959e+01
2.411554410318241803e+00
6.402602698779069179e+00
8.667031668817340773e+00
9.301607490939570511e+00
1.830742294796197456e+01
1.259663453977958802e+01
-1.879878592531738235e+01
2.340371503721824897e+00
5.592948704225710443e+00
7.546978677634819554e+00
8.446543233953180518e+00
1.652693649188273994e+01
1.124936839846077241e+01
-1.669097003505912369e+01
2.517164590168081695e+00
6.182161357856337247e+00
8.374192026590767668e+00
1.062852794988319260e+01
-2.031329416292729562e+01
-1.391091095203071681e+01
2.025184461490012211e+01
2.407090450265201742e+00
7.480165097591145340e+00
8.689629078732494349e+00
9.111494885757661422e+00
-1.848147920712174397e+01
1.297029715038459941e+01
-1.803861497371942946e+01
2.384195125894283951e+00
5.814622689928400590e+00
8.247298791401414420e+00
9.526023703658056618e+00
-1.848134229652464455e+01
-1.286971617385266420e+01
1.869614353061071199e+01
2.462089230780088567e+00
7.263873271025961920e+00
8.810527396507046305e+00
9.135966352393666057e+00
-1.811264696001810748e+01
-1.334129798430973857e+01
1.901142171670765535e+01
2.418422856126785536e+00
6.579101211923841674e+00
8.573395313018300712e+00
9.237143604435461341e+00
-1.833409808027258947e+01
1.262933046291370864e+01
-1.825833351804462623e+01
2.499534454387371873e+00
5.857243254909855423e+00
8.374449502739503615e+00
9.410604307848263517e+00
-1.869292989561929019e+01
1.239745471006455801e+01
-1.834257751317709406e+01
2.460342577178418200e+00
5.307798385507360273e+00
7.815733728599830066e+00
8.482303823538963172e+00
1.670942090804249247e+01
1.148224807999881669e+01
-1.689125900170505901e+01
2.420910264149880753e+00
7.526688741282606898e+00
8.571628314938923410e+00
9.602757899834015731e+00
-1.881600533575515044e+01
1.337673262651865969e+01
-1.886803601646585449e+01
2.383797965238111605e+00
6.844497285599656422e+00
9.507822683170445544e+00
9.162358995683316465e+00
1.871451519307278488e+01
-1.302526772832110424e+01
-1.859709754563401773e+01
2.517460939287096355e+00
5.900780737850468860e+00
8.234770195987556107e+00
9.063894786930163150e+00
1.794334570606973500e+01
1.302155597018684574e+01
-1.780562036576106877e+01
2.456370457669452279e+00
6.326003939865600501e+00
9.666015990292706306e+00
9.173921051089081402e+00
-1.860362032912369301e+01
1.235703619594846359e+01
-1.927304061837557114e+01
2.390009131019249722e+00
6.803072073066107173e+00
8.015245876372331324e+00
9.321981478892785944e+00
1.844837165742093177e+01
-1.273386881762461620e+01
1.801871533517726576e+01
2.490851644116753860e+00
5.830373373762118838e+00
8.751142174200198909e+00
8.963237995645341627e+00
1.785168466158790679e+01
1.246243481424815513e+01
-1.825677536183173189e+01
2.467936202869369655e+00
6.976620431620742302e+00
8.696215300402643678e+00
9.243087584189460415e+00
1.929928920594795017e+01
1.280938787499595577e+01
-1.821420159325782606e+01
2.369105204898348749e+00
5.685727938354601996e+00
7.669221431528708166e+00
8.417362983016561273e+00
1.661594531865209134e+01
1.126023025853640469e+01
-1.660649780861620783e+01
2.524451536618341763e+00
5.904958414115840881e+00
8.687410537660966270e+00
9.789562173468393524e+00
1.904568190954971030e+01
-1.291828027523909661e+01
1.958201492761728346e+01
2.526816486059169531e+00
6.693079979099938015e+00
8.489012387087566225e+00
9.643032105251922559e+00
-1.958701855117815427e+01
-1.329023633953761063e+01
1.871289728771480299e+01
2.367370571511730581e+00
6.345767350306710242e+00
7.918146338317854749e+00
9.433713437682405001e+00
-1.815568348591503067e+01
1.381402969693603033e+01
-1.846906557089417689e+01
2.417301087101433765e+00
5.478799074980994277e+00
8.738603466763198213e+00
8.669224562839858095e+00
1.748426787068670407e+01
1.142168493297462817e+01
-1.757180156674972693e+01
2.566951545068125728e+00
6.689724860930384764e+00
9.272904398120097369e+00
9.457070473757868356e+00
1.885400923623733505e+01
1.291122386074077788e+01
1.925397042927861335e+01
2.377705201534382695e+00
6.383400332957815060e+00
8.015957437178396816e+00
9.026788581319848959e+00
-1.893140905568906973e+01
-1.222363120282780535e+01
1.754853366635513723e+01
2.457522036455202397e+00
5.738812635247844796e+00
8.387034007397735635e+00
8.587828163933398429e+00
1.707862977225739343e+01
1.168690693110244716e+01
1.798147086336880918e+01
2.498175200578424349e+00
6.607906000497746568e+00
8.612278417087557258e+00
9.072062897499314715e+00
1.793047345389977210e+01
1.237604006086595376e+01
-1.848538839523498112e+01
2.401840700077558122e+00
5.602903904540916358e+00
7.858036426526705753e+00
8.819457100863374421e+00
1.737729619340866094e+01
1.180081692310728414e+01
-1.725667988001859499e+01
2.498811562961550159e+00
5.815629956959065261e+00
8.297219935539915880e+00
9.369135616783054843e+00
-1.821562969455649750e+01
-1.231536413685372722e+01
-1.881512286571052428e+01
2.506634085201145279e+00
6.208943324463427338e+00
8.732203999791028792e+00
9.190069991721495413e+00
1.816633932849994437e+01
1.234783102849197078e+01
1.873715331894571889e+01
2.401840700077558122e+00
5.602903904540916358e+00
7.858036426526705753e+00
8.819457100863374421e+00
1.737729619340866094e+01
1.180081692310728414e+01
-1.725667988001859499e+01
2.448975875433344385e+00
5.362257952126421756e+00
7.748406342324482665e+00
8.536177368655218700e+00
1.690662677824947480e+01
1.152241058182582201e+01
1.677190945932953525e+01
2.480724135350484083e+00
6.268668809315956381e+00
8.670973265954090792e+00
9.208482678026001622e+00
1.815303331477278803e+01
1.237023594677388161e+01
-1.897735114073123341e+01
2.398076934924597392e+00
7.761808119605309919e+00
8.671374184203456181e+00
8.826217445119278082e+00
1.757601175648892777e+01
1.298250326341174343e+01
-1.874421615590605228e+01
2.462195892915265638e+00
5.724208133124600195e+00
8.318448655439800277e+00
9.914165226542850817e+00
-1.903050396395838106e+01
-1.289276320955072030e+01
2.094767608217735244e+01
2.513559468374209072e+00
6.110859606367352370e+00
1.010821868416128311e+01
9.031377064348353301e+00
1.865345609510660907e+01
1.213928967392022606e+01
1.893599585977696620e+01
2.445567429710265639e+00
5.688035299565199487e+00
7.973196189314565530e+00
8.956045820034793437e+00
1.788777904566088495e+01
1.212599210455609899e+01
-1.744752728755801741e+01
2.582277296706521064e+00
5.961914720455983030e+00
8.300309731473729968e+00
9.221824362182880819e+00
2.005852267465430572e+01
-1.258955102162570583e+01
-1.798290673777430726e+01
2.491689211387690950e+00
6.263967031584162903e+00
8.877701362341765545e+00
9.135353410371635619e+00
1.817796705190754736e+01
1.226877805702868152e+01
-1.854938035941330554e+01
2.410326672650846103e+00
5.317168529646022712e+00
7.948394502368484105e+00
8.474605184696603288e+00
1.674706459056593033e+01
1.119347598686835532e+01
-1.699172846782478175e+01
2.434084008016135225e+00
5.367217599603897327e+00
8.001530821669387450e+00
8.905953940688137394e+00
1.749386704713680629e+01
1.169304607527336159e+01
-1.752788666207858270e+01
2.525910238859095713e+00
6.324801879953379391e+00
9.229207959071977996e+00
9.393516498523807101e+00
1.888396880660258148e+01
1.439892669688389759e+01
1.883014538935272597e+01
2.296627752409192258e+00
5.076469074880026966e+00
7.338526950431619511e+00
7.833454147046812643e+00
1.541945157606253680e+01
1.037179600408792624e+01
-1.766902234761066026e+01
2.331806423142084750e+00
5.325208696572530265e+00
8.575771173866387542e+00
9.268140757683013931e+00
1.861121974737752183e+01
1.217420658255942456e+01
-1.822380869738471532e+01
2.562892768883334504e+00
6.186417730717237440e+00
8.656155427876164765e+00
9.245941596154098718e+00
1.826292259849463662e+01
1.262459522106343002e+01
1.848795028183476319e+01
2.522145371410905224e+00
6.800203700733664647e+00
8.176868791398126390e+00
9.073616777737216310e+00
-1.778195296688381788e+01
1.297950322628043374e+01
-1.794767690591196896e+01
2.563416450865978913e+00
5.880758703872539073e+00
8.793833622287793972e+00
9.049308503722690133e+00
1.797103032669893707e+01
1.219980044705189215e+01
-1.955018907754591950e+01
2.438182898614337901e+00
6.247560786088666163e+00
8.842933391753788896e+00
8.895835300739166840e+00
1.829480322542436710e+01
1.203820085449648225e+01
-1.778504694819815413e+01
2.481092302618163270e+00
5.639387577428993659e+00
7.802174821654283221e+00
8.319992312593269546e+00
1.638336959052279695e+01
1.116936877112041238e+01
-1.737032955314441551e+01
2.493069823389006068e+00
5.940272446926303296e+00
9.883855575655717374e+00
8.822540515607110834e+00
1.844439248382547447e+01
1.181191879958135971e+01
-1.825016948984742271e+01
2.536189405088742799e+00
5.883368639775889974e+00
8.400203244184584861e+00
9.313795979646654288e+00
-1.829203017706702994e+01
-1.234771324205323317e+01
1.835516381649775397e+01
2.280396719976541142e+00
4.977793709187282367e+00
7.674918872671042003e+00
8.253761171469271574e+00
1.629925000985084793e+01
1.078774069285078241e+01
-1.647114956354561244e+01
2.414577564294984047e+00
5.931448809649107368e+00
8.380577492868138023e+00
9.317930793576461923e+00
1.838012053263995682e+01
1.275034961890529672e+01
-1.826927419556228216e+01
2.527506906374745288e+00
6.427864362732043091e+00
9.350894876181534698e+00
9.172762258534792323e+00
1.844253880557358016e+01
1.244221420770659492e+01
-1.915680147834934033e+01
2.312542418180739467e+00
5.097860641960570760e+00
7.293631542177678284e+00
7.679503494446069389e+00
1.518930513314458253e+01
1.022950852384426668e+01
-1.566289854037175999e+01
2.454971234243846556e+00
5.881714041583352426e+00
8.018994990185996485e+00
9.203310678517286902e+00
-1.785777942431179000e+01
-1.242087383842974191e+01
-1.818581499487650532e+01
2.577065219181103206e+00
6.267511517889524875e+00
9.002479035436582677e+00
9.270179481846264835e+00
1.845350679524316106e+01
1.256316706397105953e+01
1.876192131710359590e+01
2.332005579564743858e+00
5.539710185429967737e+00
8.077467595335463102e+00
8.904854720231067944e+00
1.814982917325800216e+01
1.225500088797711484e+01
-1.740287019223256948e+01
2.382707115320493063e+00
5.613561581091187414e+00
8.574530088953636664e+00
9.226599194242002255e+00
1.842380389022998344e+01
1.225574159903907656e+01
-1.819111646388183345e+01
2.596781471411025333e+00
6.645735688043533429e+00
8.389236302162858649e+00
9.374886749189300872e+00
1.830253826234310210e+01
1.342837948816553251e+01
1.861828701960964594e+01
