2.344698889333999059e+00
5.467696925736571956e+00
7.943843618672008944e+00
8.577314247671882441e+00
9.462313127246552824e+00
6.043477413611901383e+00
-3.293238922526607881e-01
2.375445112903672218e+00
6.320083387617058790e+00
9.197739749725352354e+00
9.366640497739560089e+00
-5.303313067768552713e+00
3.947705615579677918e+00
3.650502824945999425e+00
2.086287030200808523e+00
4.308558198406547746e+00
6.914801836295129789e+00
7.105472992618723893e+00
1.185219441485950043e+01
7.803969876471646749e+00
1.559314246961372774e+00
2.466381040251308221e+00
6.240328949776087875e+00
8.204632122857040244e+00
8.594876914551965896e+00
8.888271910219884830e+00
3.221603615007332166e+00
1.414310188195414320e+01
2.451437599692322777e+00
6.116619760511974313e+00
8.450342460738156092e+00
9.174474479610722710e+00
7.313429885693421895e+00
6.048603113601461523e+00
-4.816603672410789017e+00
