1.176183705252195622e-01
5.905903818960548390e-01
4.429885305026493580e-01
5.071302848925928197e-01
1.410958328319041932e+01
9.928029630104740377e+00
1.743722117188118403e+01
1.319267269929121078e-01
5.093036583821669572e-01
7.786590068590668601e-01
7.460238273740597004e-01
1.826074632525929786e+01
1.219902887824238036e+01
1.869305018915804339e+01
1.831364903344920025e-01
5.754511089242406729e-01
7.164450779917792556e-01
8.943170689780476357e-01
7.938843333241636380e+00
5.228397686025370916e+00
1.601853939229490464e+01
1.690615117620915264e-01
5.931897187792645187e-01
6.003423456102718880e-01
6.967423966646252298e-01
1.499304749554879201e+01
1.173976410818491622e+01
1.008635163596487949e+01
8.757695747953318788e-02
5.898964281865616277e-01
5.386695721225688294e-01
4.627937157549650293e-01
1.673295147272654404e+01
1.090566981696501081e+01
1.774861738117218124e+01
